Attempted URL: http://10.0.0.5/ctf_deploy2/kchal/Clyhbjgi/JGWPPWTCHR.php?
Response: 200
Content: 
Consider the following table:

<div class='desc'>
    <script src="kanonymity.js"></script>
    <table id='table'></table>
    <div id="table-output"></div>

    <script>
        let data_csv = "DoB,ZIP code,Gender,Disease\n05/09/1950,94145,M,Flu\n07/04/1970,94141,F,High Cholesterol \n03/09/1940,94152,M,Hepatitis \n25/08/1970,94153,M,High Cholesterol \n05/09/1970,94155,M,Pneumonia \n05/08/1970,94142,F,Erythema \n10/09/1950,94158,F,Angina Pectoris \n02/09/1950,94147,M,Hepatitis\n30/08/1970,94156,M,Angina Pectoris \n10/03/1950,94140,M,Stroke\n30/02/1950,94159,F,Cardiomyopathy\n20/06/1950,94141,M,Stroke\n02/08/1950,94154,F,Stroke\n12/09/1940,94148,F,Eczema \n02/08/1950,94153,F,Stroke\n20/09/1940,94143,F,Cardiomyopathy"
        let data2 = JSON.parse(JSON.stringify(process_csv(data_csv, 4, 17)));
        createRow("table", data2, 4);
        addClass('table', 'table-output', data2);
    </script>

    <p> Select a combination of modifiers so that the resulting table has
    a k-anonymity equal to: 3    </p>

    <form action="JTDIFDVIUX.php" method="get">

<label><input name='hideLastTwoDigitZIP' type='checkbox'>Hide Last Two Digits of ZIP</label><br>
<label><input name='hideLastFourDigitZIP' type='checkbox'>Hide Last Four Digits of ZIP</label><br>
<label><input name='hideLastThreeDigitZIP' type='checkbox'>Hide Last Three Digits of ZIP</label><br>
<label><input name='hideGender' type='checkbox'>Hide Gender</label><br>
<label><input name='hideMonthDoB' type='checkbox'>Hide Month of DoB</label><br>
<label><input name='hideYearDoB' type='checkbox'>Hide Year of DoB</label><br>
<label><input name='hideLastFiveDigitZIP' type='checkbox'>Hide Last Five Digits of ZIP</label><br>
<label><input name='hideDayDoB' type='checkbox'>Hide Day of DoB</label><br>
<label><input name='hideLastDigitZIP' type='checkbox'>Hide Last Digit of ZIP</label><br>
    <input type="submit" value="Check answer">
</form>



Attempted URL: http://10.0.0.5/ctf_deploy2/kchal/Clyhbjgi/JGWPPWTCHR.php?
Response: 200
Content: 
Consider the following table:

<div class='desc'>
    <script src="kanonymity.js"></script>
    <table id='table'></table>
    <div id="table-output"></div>

    <script>
        let data_csv = "DoB,ZIP code,Gender,Disease\n05/09/1960,12145,M,Flu\n12/09/1970,12148,F,Eczema \n10/08/1960,12140,F,Stroke\n23/08/1970,12153,M,High Cholesterol \n20/09/1970,12143,F,Cardiomyopathy \n10/09/1960,12158,F,Angina Pectoris \n02/09/1960,12147,F,Hepatitis\n20/08/1960,12141,F,Stroke\n04/09/1970,12152,M,Hepatitis \n17/08/1960,12154,F,Stroke\n12/09/1960,12159,F,Cardiomyopathy\n05/08/1970,12142,F,Erythema \n05/09/1970,12155,M,Pneumonia \n07/08/1970,12141,F,High Cholesterol \n30/08/1970,12156,M,Angina Pectoris \n02/08/1960,12153,F,Stroke"
        let data2 = JSON.parse(JSON.stringify(process_csv(data_csv, 4, 17)));
        createRow("table", data2, 4);
        addClass('table', 'table-output', data2);
    </script>

    <p> Select a combination of modifiers so that the resulting table has
    a k-anonymity equal to: 4    </p>

    <form action="JTDIFDVIUX.php" method="get">

<label><input name='hideYearDoB' type='checkbox'>Hide Year of DoB</label><br>
<label><input name='hideLastDigitZIP' type='checkbox'>Hide Last Digit of ZIP</label><br>
<label><input name='hideLastFourDigitZIP' type='checkbox'>Hide Last Four Digits of ZIP</label><br>
<label><input name='hideDayDoB' type='checkbox'>Hide Day of DoB</label><br>
<label><input name='hideGender' type='checkbox'>Hide Gender</label><br>
<label><input name='hideMonthDoB' type='checkbox'>Hide Month of DoB</label><br>
<label><input name='hideLastThreeDigitZIP' type='checkbox'>Hide Last Three Digits of ZIP</label><br>
<label><input name='hideLastFiveDigitZIP' type='checkbox'>Hide Last Five Digits of ZIP</label><br>
<label><input name='hideLastTwoDigitZIP' type='checkbox'>Hide Last Two Digits of ZIP</label><br>
    <input type="submit" value="Check answer">
</form>



Attempted URL: http://10.0.0.5/ctf_deploy2/kchal/Clyhbjgi/JGWPPWTCHR.php?hideDayDoB=on&hideLastThreeDigitZIP=on&hideGender=on
Response: 200
Content: 
Consider the following table:

<div class='desc'>
    <script src="kanonymity.js"></script>
    <table id='table'></table>
    <div id="table-output"></div>

    <script>
        let data_csv = "DoB,ZIP code,Gender,Disease\n07/08/1970,94141,F,High Cholesterol \n10/08/1960,94140,M,Stroke\n02/08/1960,94153,F,Stroke\n05/08/1970,94142,F,Erythema \n02/09/1960,94147,M,Hepatitis\n05/09/1970,94155,M,Pneumonia \n30/08/1970,94156,M,Angina Pectoris \n30/09/1960,94159,F,Cardiomyopathy\n01/08/1960,94154,F,Stroke\n12/09/1970,94148,F,Eczema \n10/09/1960,94158,F,Angina Pectoris \n05/09/1960,94145,M,Flu\n20/09/1970,94143,F,Cardiomyopathy \n02/09/1970,94152,M,Hepatitis \n25/08/1970,94153,M,High Cholesterol \n20/08/1960,94141,M,Stroke"
        let data2 = JSON.parse(JSON.stringify(process_csv(data_csv, 4, 17)));
        createRow("table", data2, 4);
        addClass('table', 'table-output', data2);
    </script>

    <p> Select a combination of modifiers so that the resulting table has
    a k-anonymity equal to: 2    </p>

    <form action="JTDIFDVIUX.php" method="get">

<label><input name='hideLastDigitZIP' type='checkbox'>Hide Last Digit of ZIP</label><br>
<label><input name='hideMonthDoB' type='checkbox'>Hide Month of DoB</label><br>
<label><input name='hideLastTwoDigitZIP' type='checkbox'>Hide Last Two Digits of ZIP</label><br>
<label><input name='hideDayDoB' type='checkbox'>Hide Day of DoB</label><br>
<label><input name='hideYearDoB' type='checkbox'>Hide Year of DoB</label><br>
<label><input name='hideLastFourDigitZIP' type='checkbox'>Hide Last Four Digits of ZIP</label><br>
<label><input name='hideLastThreeDigitZIP' type='checkbox'>Hide Last Three Digits of ZIP</label><br>
<label><input name='hideGender' type='checkbox'>Hide Gender</label><br>
<label><input name='hideLastFiveDigitZIP' type='checkbox'>Hide Last Five Digits of ZIP</label><br>
    <input type="submit" value="Check answer">
</form>



Attempted URL: http://10.0.0.5/ctf_deploy2/kchal/Clyhbjgi/JGWPPWTCHR.php?hideDayDoB=on&hideLastThreeDigitZIP=on&hideGender=on
Response: 200
Content: 
Consider the following table:

<div class='desc'>
    <script src="kanonymity.js"></script>
    <table id='table'></table>
    <div id="table-output"></div>

    <script>
        let data_csv = "DoB,ZIP code,Gender,Disease\n03/09/1940,94152,M,Hepatitis \n07/09/1970,94155,M,Pneumonia \n30/09/1960,94159,F,Cardiomyopathy\n20/09/1940,94143,F,Cardiomyopathy \n05/09/1960,94145,M,Flu\n07/08/1970,94141,F,High Cholesterol \n02/08/1960,94153,F,Stroke\n30/08/1970,94156,M,Angina Pectoris \n10/09/1960,94158,F,Angina Pectoris \n01/08/1960,94154,F,Stroke\n12/09/1940,94148,F,Eczema \n25/08/1970,94153,M,High Cholesterol \n02/09/1960,94147,M,Hepatitis\n20/08/1960,94141,M,Stroke\n05/08/1970,94142,F,Erythema \n10/08/1960,94140,M,Stroke"
        let data2 = JSON.parse(JSON.stringify(process_csv(data_csv, 4, 17)));
        createRow("table", data2, 4);
        addClass('table', 'table-output', data2);
    </script>

    <p> Select a combination of modifiers so that the resulting table has
    a k-anonymity equal to: 4    </p>

    <form action="JTDIFDVIUX.php" method="get">

<label><input name='hideMonthDoB' type='checkbox'>Hide Month of DoB</label><br>
<label><input name='hideLastTwoDigitZIP' type='checkbox'>Hide Last Two Digits of ZIP</label><br>
<label><input name='hideDayDoB' type='checkbox'>Hide Day of DoB</label><br>
<label><input name='hideLastDigitZIP' type='checkbox'>Hide Last Digit of ZIP</label><br>
<label><input name='hideGender' type='checkbox'>Hide Gender</label><br>
<label><input name='hideYearDoB' type='checkbox'>Hide Year of DoB</label><br>
<label><input name='hideLastFiveDigitZIP' type='checkbox'>Hide Last Five Digits of ZIP</label><br>
<label><input name='hideLastThreeDigitZIP' type='checkbox'>Hide Last Three Digits of ZIP</label><br>
<label><input name='hideLastFourDigitZIP' type='checkbox'>Hide Last Four Digits of ZIP</label><br>
    <input type="submit" value="Check answer">
</form>



Attempted URL: http://10.0.0.5/ctf_deploy2/kchal/Clyhbjgi/JGWPPWTCHR.php?hideDayDoB=on&hideLastThreeDigitZIP=on&hideGender=on
Response: 200
Content: 
Consider the following table:

<div class='desc'>
    <script src="kanonymity.js"></script>
    <table id='table'></table>
    <div id="table-output"></div>

    <script>
        let data_csv = "DoB,ZIP code,Gender,Disease\n10/09/1950,94158,F,Angina Pectoris \n10/03/1950,94140,M,Stroke\n25/08/1970,94153,M,High Cholesterol \n05/09/1970,94155,M,Pneumonia \n07/04/1970,94141,F,High Cholesterol \n05/08/1970,94142,F,Erythema \n20/06/1950,94141,M,Stroke\n20/09/1940,94143,F,Cardiomyopathy \n12/09/1940,94148,F,Eczema \n30/02/1950,94159,F,Cardiomyopathy\n05/09/1950,94145,M,Flu\n02/08/1950,94153,F,Stroke\n02/08/1950,94154,F,Stroke\n30/08/1970,94156,M,Angina Pectoris \n02/09/1950,94147,M,Hepatitis\n03/09/1940,94152,M,Hepatitis"
        let data2 = JSON.parse(JSON.stringify(process_csv(data_csv, 4, 17)));
        createRow("table", data2, 4);
        addClass('table', 'table-output', data2);
    </script>

    <p> Select a combination of modifiers so that the resulting table has
    a k-anonymity equal to: 3    </p>

    <form action="JTDIFDVIUX.php" method="get">

<label><input name='hideLastDigitZIP' type='checkbox'>Hide Last Digit of ZIP</label><br>
<label><input name='hideYearDoB' type='checkbox'>Hide Year of DoB</label><br>
<label><input name='hideLastThreeDigitZIP' type='checkbox'>Hide Last Three Digits of ZIP</label><br>
<label><input name='hideLastFiveDigitZIP' type='checkbox'>Hide Last Five Digits of ZIP</label><br>
<label><input name='hideLastFourDigitZIP' type='checkbox'>Hide Last Four Digits of ZIP</label><br>
<label><input name='hideMonthDoB' type='checkbox'>Hide Month of DoB</label><br>
<label><input name='hideLastTwoDigitZIP' type='checkbox'>Hide Last Two Digits of ZIP</label><br>
<label><input name='hideGender' type='checkbox'>Hide Gender</label><br>
<label><input name='hideDayDoB' type='checkbox'>Hide Day of DoB</label><br>
    <input type="submit" value="Check answer">
</form>



Attempted URL: http://10.0.0.5/ctf_deploy2/kchal/Clyhbjgi/JGWPPWTCHR.php?hideDayDoB=on&hideLastThreeDigitZIP=on&hideGender=on
Response: 200
Content: 
Consider the following table:

<div class='desc'>
    <script src="kanonymity.js"></script>
    <table id='table'></table>
    <div id="table-output"></div>

    <script>
        let data_csv = "DoB,ZIP code,Gender,Disease\n10/09/1960,94158,F,Angina Pectoris \n25/08/1970,94153,M,High Cholesterol \n02/08/1960,94153,F,Stroke\n05/09/1970,94155,M,Pneumonia \n20/09/1970,94143,F,Cardiomyopathy \n05/08/1970,94142,F,Erythema \n01/08/1960,94154,F,Stroke\n30/08/1970,94156,M,Angina Pectoris \n30/09/1960,94159,F,Cardiomyopathy\n20/08/1960,94141,M,Stroke\n02/09/1960,94147,M,Hepatitis\n12/09/1970,94148,F,Eczema \n05/09/1960,94145,M,Flu\n07/08/1970,94141,F,High Cholesterol \n02/09/1970,94152,M,Hepatitis \n10/08/1960,94140,M,Stroke"
        let data2 = JSON.parse(JSON.stringify(process_csv(data_csv, 4, 17)));
        createRow("table", data2, 4);
        addClass('table', 'table-output', data2);
    </script>

    <p> Select a combination of modifiers so that the resulting table has
    a k-anonymity equal to: 2    </p>

    <form action="JTDIFDVIUX.php" method="get">

<label><input name='hideDayDoB' type='checkbox'>Hide Day of DoB</label><br>
<label><input name='hideLastThreeDigitZIP' type='checkbox'>Hide Last Three Digits of ZIP</label><br>
<label><input name='hideLastFourDigitZIP' type='checkbox'>Hide Last Four Digits of ZIP</label><br>
<label><input name='hideLastFiveDigitZIP' type='checkbox'>Hide Last Five Digits of ZIP</label><br>
<label><input name='hideLastTwoDigitZIP' type='checkbox'>Hide Last Two Digits of ZIP</label><br>
<label><input name='hideYearDoB' type='checkbox'>Hide Year of DoB</label><br>
<label><input name='hideGender' type='checkbox'>Hide Gender</label><br>
<label><input name='hideMonthDoB' type='checkbox'>Hide Month of DoB</label><br>
<label><input name='hideLastDigitZIP' type='checkbox'>Hide Last Digit of ZIP</label><br>
    <input type="submit" value="Check answer">
</form>



Attempted URL: http://10.0.0.5/ctf_deploy2/kchal/Clyhbjgi/JGWPPWTCHR.php?hideDayDoB=on&hideLastThreeDigitZIP=on&hideGender=on
Response: 200
Content: 
Consider the following table:

<div class='desc'>
    <script src="kanonymity.js"></script>
    <table id='table'></table>
    <div id="table-output"></div>

    <script>
        let data_csv = "DoB,ZIP code,Gender,Disease\n10/08/1960,12140,F,Stroke\n12/09/1970,12148,F,Eczema \n17/08/1960,12154,F,Stroke\n30/08/1970,12156,M,Angina Pectoris \n02/09/1960,12147,F,Hepatitis\n04/09/1970,12152,M,Hepatitis \n05/09/1960,12145,M,Flu\n07/08/1970,12141,F,High Cholesterol \n20/08/1960,12141,F,Stroke\n02/08/1960,12153,F,Stroke\n23/08/1970,12153,M,High Cholesterol \n20/09/1970,12143,F,Cardiomyopathy \n05/08/1970,12142,F,Erythema \n05/09/1970,12155,M,Pneumonia \n12/09/1960,12159,F,Cardiomyopathy\n10/09/1960,12158,F,Angina Pectoris"
        let data2 = JSON.parse(JSON.stringify(process_csv(data_csv, 4, 17)));
        createRow("table", data2, 4);
        addClass('table', 'table-output', data2);
    </script>

    <p> Select a combination of modifiers so that the resulting table has
    a k-anonymity equal to: 5    </p>

    <form action="JTDIFDVIUX.php" method="get">

<label><input name='hideLastThreeDigitZIP' type='checkbox'>Hide Last Three Digits of ZIP</label><br>
<label><input name='hideYearDoB' type='checkbox'>Hide Year of DoB</label><br>
<label><input name='hideLastFiveDigitZIP' type='checkbox'>Hide Last Five Digits of ZIP</label><br>
<label><input name='hideDayDoB' type='checkbox'>Hide Day of DoB</label><br>
<label><input name='hideMonthDoB' type='checkbox'>Hide Month of DoB</label><br>
<label><input name='hideLastDigitZIP' type='checkbox'>Hide Last Digit of ZIP</label><br>
<label><input name='hideLastTwoDigitZIP' type='checkbox'>Hide Last Two Digits of ZIP</label><br>
<label><input name='hideLastFourDigitZIP' type='checkbox'>Hide Last Four Digits of ZIP</label><br>
<label><input name='hideGender' type='checkbox'>Hide Gender</label><br>
    <input type="submit" value="Check answer">
</form>



Attempted URL: http://10.0.0.5/ctf_deploy2/kchal/Clyhbjgi/JGWPPWTCHR.php?hideDayDoB=on&hideLastThreeDigitZIP=on&hideGender=on
Response: 200
Content: 
Consider the following table:

<div class='desc'>
    <script src="kanonymity.js"></script>
    <table id='table'></table>
    <div id="table-output"></div>

    <script>
        let data_csv = "DoB,ZIP code,Gender,Disease\n10/08/1960,94140,M,Stroke\n02/08/1960,94153,F,Stroke\n02/09/1970,94152,M,Hepatitis \n02/09/1960,94147,M,Hepatitis\n05/09/1960,94145,M,Flu\n05/08/1970,94142,F,Erythema \n20/08/1960,94141,M,Stroke\n25/08/1970,94153,M,High Cholesterol \n10/09/1960,94158,F,Angina Pectoris \n12/09/1970,94148,F,Eczema \n20/09/1970,94143,F,Cardiomyopathy \n01/08/1960,94154,F,Stroke\n30/08/1970,94156,M,Angina Pectoris \n07/08/1970,94141,F,High Cholesterol \n05/09/1970,94155,M,Pneumonia \n30/09/1960,94159,F,Cardiomyopathy"
        let data2 = JSON.parse(JSON.stringify(process_csv(data_csv, 4, 17)));
        createRow("table", data2, 4);
        addClass('table', 'table-output', data2);
    </script>

    <p> Select a combination of modifiers so that the resulting table has
    a k-anonymity equal to: 2    </p>

    <form action="JTDIFDVIUX.php" method="get">

<label><input name='hideLastDigitZIP' type='checkbox'>Hide Last Digit of ZIP</label><br>
<label><input name='hideLastFourDigitZIP' type='checkbox'>Hide Last Four Digits of ZIP</label><br>
<label><input name='hideLastTwoDigitZIP' type='checkbox'>Hide Last Two Digits of ZIP</label><br>
<label><input name='hideLastFiveDigitZIP' type='checkbox'>Hide Last Five Digits of ZIP</label><br>
<label><input name='hideGender' type='checkbox'>Hide Gender</label><br>
<label><input name='hideMonthDoB' type='checkbox'>Hide Month of DoB</label><br>
<label><input name='hideLastThreeDigitZIP' type='checkbox'>Hide Last Three Digits of ZIP</label><br>
<label><input name='hideDayDoB' type='checkbox'>Hide Day of DoB</label><br>
<label><input name='hideYearDoB' type='checkbox'>Hide Year of DoB</label><br>
    <input type="submit" value="Check answer">
</form>



Attempted URL: http://10.0.0.5/ctf_deploy2/kchal/Clyhbjgi/JGWPPWTCHR.php?
Response: 200
Content: 
Consider the following table:

<div class='desc'>
    <script src="kanonymity.js"></script>
    <table id='table'></table>
    <div id="table-output"></div>

    <script>
        let data_csv = "DoB,ZIP code,Gender,Disease\n07/04/1970,94141,F,High Cholesterol \n12/09/1940,94148,F,Eczema \n30/02/1950,94159,F,Cardiomyopathy\n10/03/1950,94140,M,Stroke\n20/09/1940,94143,F,Cardiomyopathy \n02/08/1950,94154,F,Stroke\n05/09/1970,94155,M,Pneumonia \n05/09/1950,94145,M,Flu\n03/09/1940,94152,M,Hepatitis \n30/08/1970,94156,M,Angina Pectoris \n10/09/1950,94158,F,Angina Pectoris \n25/08/1970,94153,M,High Cholesterol \n05/08/1970,94142,F,Erythema \n20/06/1950,94141,M,Stroke\n02/09/1950,94147,M,Hepatitis\n02/08/1950,94153,F,Stroke"
        let data2 = JSON.parse(JSON.stringify(process_csv(data_csv, 4, 17)));
        createRow("table", data2, 4);
        addClass('table', 'table-output', data2);
    </script>

    <p> Select a combination of modifiers so that the resulting table has
    a k-anonymity equal to: 4    </p>

    <form action="JTDIFDVIUX.php" method="get">

<label><input name='hideYearDoB' type='checkbox'>Hide Year of DoB</label><br>
<label><input name='hideLastFiveDigitZIP' type='checkbox'>Hide Last Five Digits of ZIP</label><br>
<label><input name='hideLastTwoDigitZIP' type='checkbox'>Hide Last Two Digits of ZIP</label><br>
<label><input name='hideMonthDoB' type='checkbox'>Hide Month of DoB</label><br>
<label><input name='hideLastThreeDigitZIP' type='checkbox'>Hide Last Three Digits of ZIP</label><br>
<label><input name='hideLastDigitZIP' type='checkbox'>Hide Last Digit of ZIP</label><br>
<label><input name='hideDayDoB' type='checkbox'>Hide Day of DoB</label><br>
<label><input name='hideLastFourDigitZIP' type='checkbox'>Hide Last Four Digits of ZIP</label><br>
<label><input name='hideGender' type='checkbox'>Hide Gender</label><br>
    <input type="submit" value="Check answer">
</form>



Attempted URL: http://10.0.0.5/ctf_deploy2/kchal/Clyhbjgi/JGWPPWTCHR.php?
Response: 200
Content: 
Consider the following table:

<div class='desc'>
    <script src="kanonymity.js"></script>
    <table id='table'></table>
    <div id="table-output"></div>

    <script>
        let data_csv = "DoB,ZIP code,Gender,Disease\n30/08/1970,94156,M,Angina Pectoris \n25/08/1970,94153,M,High Cholesterol \n10/09/1950,94158,F,Angina Pectoris \n03/09/1940,94152,M,Hepatitis \n07/04/1970,94141,F,High Cholesterol \n02/09/1950,94147,M,Hepatitis\n02/08/1950,94154,F,Stroke\n10/03/1950,94140,M,Stroke\n30/02/1950,94159,F,Cardiomyopathy\n20/06/1950,94141,M,Stroke\n20/09/1940,94143,F,Cardiomyopathy \n05/08/1970,94142,F,Erythema \n05/09/1950,94145,M,Flu\n05/09/1970,94155,M,Pneumonia \n02/08/1950,94153,F,Stroke\n12/09/1940,94148,F,Eczema"
        let data2 = JSON.parse(JSON.stringify(process_csv(data_csv, 4, 17)));
        createRow("table", data2, 4);
        addClass('table', 'table-output', data2);
    </script>

    <p> Select a combination of modifiers so that the resulting table has
    a k-anonymity equal to: 4    </p>

    <form action="JTDIFDVIUX.php" method="get">

<label><input name='hideGender' type='checkbox'>Hide Gender</label><br>
<label><input name='hideMonthDoB' type='checkbox'>Hide Month of DoB</label><br>
<label><input name='hideLastFiveDigitZIP' type='checkbox'>Hide Last Five Digits of ZIP</label><br>
<label><input name='hideLastFourDigitZIP' type='checkbox'>Hide Last Four Digits of ZIP</label><br>
<label><input name='hideLastThreeDigitZIP' type='checkbox'>Hide Last Three Digits of ZIP</label><br>
<label><input name='hideLastTwoDigitZIP' type='checkbox'>Hide Last Two Digits of ZIP</label><br>
<label><input name='hideDayDoB' type='checkbox'>Hide Day of DoB</label><br>
<label><input name='hideYearDoB' type='checkbox'>Hide Year of DoB</label><br>
<label><input name='hideLastDigitZIP' type='checkbox'>Hide Last Digit of ZIP</label><br>
    <input type="submit" value="Check answer">
</form>



Attempted URL: http://10.0.0.5/ctf_deploy2/kchal/Clyhbjgi/JGWPPWTCHR.php?
Response: 200
Content: 
Consider the following table:

<div class='desc'>
    <script src="kanonymity.js"></script>
    <table id='table'></table>
    <div id="table-output"></div>

    <script>
        let data_csv = "DoB,ZIP code,Gender,Disease\n04/09/1970,12152,M,Hepatitis \n07/08/1970,12141,F,High Cholesterol \n17/08/1960,12154,F,Stroke\n12/09/1960,12159,F,Cardiomyopathy\n23/08/1970,12153,M,High Cholesterol \n05/09/1970,12155,M,Pneumonia \n20/08/1960,12141,F,Stroke\n12/09/1970,12148,F,Eczema \n02/08/1960,12153,F,Stroke\n30/08/1970,12156,M,Angina Pectoris \n10/09/1960,12158,F,Angina Pectoris \n20/09/1970,12143,F,Cardiomyopathy \n05/08/1970,12142,F,Erythema \n10/08/1960,12140,F,Stroke\n05/09/1960,12145,M,Flu\n02/09/1960,12147,F,Hepatitis"
        let data2 = JSON.parse(JSON.stringify(process_csv(data_csv, 4, 17)));
        createRow("table", data2, 4);
        addClass('table', 'table-output', data2);
    </script>

    <p> Select a combination of modifiers so that the resulting table has
    a k-anonymity equal to: 2    </p>

    <form action="JTDIFDVIUX.php" method="get">

<label><input name='hideLastDigitZIP' type='checkbox'>Hide Last Digit of ZIP</label><br>
<label><input name='hideGender' type='checkbox'>Hide Gender</label><br>
<label><input name='hideDayDoB' type='checkbox'>Hide Day of DoB</label><br>
<label><input name='hideLastThreeDigitZIP' type='checkbox'>Hide Last Three Digits of ZIP</label><br>
<label><input name='hideLastFourDigitZIP' type='checkbox'>Hide Last Four Digits of ZIP</label><br>
<label><input name='hideYearDoB' type='checkbox'>Hide Year of DoB</label><br>
<label><input name='hideLastFiveDigitZIP' type='checkbox'>Hide Last Five Digits of ZIP</label><br>
<label><input name='hideMonthDoB' type='checkbox'>Hide Month of DoB</label><br>
<label><input name='hideLastTwoDigitZIP' type='checkbox'>Hide Last Two Digits of ZIP</label><br>
    <input type="submit" value="Check answer">
</form>



Attempted URL: http://10.0.0.5/ctf_deploy2/kchal/Clyhbjgi/JGWPPWTCHR.php?
Response: 200
Content: 
Consider the following table:

<div class='desc'>
    <script src="kanonymity.js"></script>
    <table id='table'></table>
    <div id="table-output"></div>

    <script>
        let data_csv = "DoB,ZIP code,Gender,Disease\n05/09/1960,94145,M,Flu\n02/08/1960,94153,F,Stroke\n20/08/1960,94141,M,Stroke\n25/08/1970,94153,M,High Cholesterol \n10/08/1960,94140,M,Stroke\n05/08/1970,94142,F,Erythema \n05/09/1970,94155,M,Pneumonia \n20/09/1970,94143,F,Cardiomyopathy \n02/09/1970,94152,M,Hepatitis \n10/09/1960,94158,F,Angina Pectoris \n01/08/1960,94154,F,Stroke\n30/09/1960,94159,F,Cardiomyopathy\n07/08/1970,94141,F,High Cholesterol \n12/09/1970,94148,F,Eczema \n02/09/1960,94147,M,Hepatitis\n30/08/1970,94156,M,Angina Pectoris"
        let data2 = JSON.parse(JSON.stringify(process_csv(data_csv, 4, 17)));
        createRow("table", data2, 4);
        addClass('table', 'table-output', data2);
    </script>

    <p> Select a combination of modifiers so that the resulting table has
    a k-anonymity equal to: 2    </p>

    <form action="JTDIFDVIUX.php" method="get">

<label><input name='hideLastTwoDigitZIP' type='checkbox'>Hide Last Two Digits of ZIP</label><br>
<label><input name='hideGender' type='checkbox'>Hide Gender</label><br>
<label><input name='hideLastFourDigitZIP' type='checkbox'>Hide Last Four Digits of ZIP</label><br>
<label><input name='hideMonthDoB' type='checkbox'>Hide Month of DoB</label><br>
<label><input name='hideLastDigitZIP' type='checkbox'>Hide Last Digit of ZIP</label><br>
<label><input name='hideDayDoB' type='checkbox'>Hide Day of DoB</label><br>
<label><input name='hideLastThreeDigitZIP' type='checkbox'>Hide Last Three Digits of ZIP</label><br>
<label><input name='hideLastFiveDigitZIP' type='checkbox'>Hide Last Five Digits of ZIP</label><br>
<label><input name='hideYearDoB' type='checkbox'>Hide Year of DoB</label><br>
    <input type="submit" value="Check answer">
</form>



Attempted URL: http://10.0.0.5/ctf_deploy2/kchal/Clyhbjgi/JGWPPWTCHR.php?
Response: 200
Content: 
Consider the following table:

<div class='desc'>
    <script src="kanonymity.js"></script>
    <table id='table'></table>
    <div id="table-output"></div>

    <script>
        let data_csv = "DoB,ZIP code,Gender,Disease\n12/09/1960,12159,F,Cardiomyopathy\n12/09/1970,12148,F,Eczema \n10/08/1960,12140,F,Stroke\n20/09/1970,12143,F,Cardiomyopathy \n05/09/1960,12145,M,Flu\n04/09/1970,12152,M,Hepatitis \n20/08/1960,12141,F,Stroke\n23/08/1970,12153,M,High Cholesterol \n07/08/1970,12141,F,High Cholesterol \n05/09/1970,12155,M,Pneumonia \n17/08/1960,12154,F,Stroke\n02/08/1960,12153,F,Stroke\n10/09/1960,12158,F,Angina Pectoris \n30/08/1970,12156,M,Angina Pectoris \n05/08/1970,12142,F,Erythema \n02/09/1960,12147,F,Hepatitis"
        let data2 = JSON.parse(JSON.stringify(process_csv(data_csv, 4, 17)));
        createRow("table", data2, 4);
        addClass('table', 'table-output', data2);
    </script>

    <p> Select a combination of modifiers so that the resulting table has
    a k-anonymity equal to: 4    </p>

    <form action="JTDIFDVIUX.php" method="get">

<label><input name='hideLastFourDigitZIP' type='checkbox'>Hide Last Four Digits of ZIP</label><br>
<label><input name='hideGender' type='checkbox'>Hide Gender</label><br>
<label><input name='hideYearDoB' type='checkbox'>Hide Year of DoB</label><br>
<label><input name='hideDayDoB' type='checkbox'>Hide Day of DoB</label><br>
<label><input name='hideMonthDoB' type='checkbox'>Hide Month of DoB</label><br>
<label><input name='hideLastDigitZIP' type='checkbox'>Hide Last Digit of ZIP</label><br>
<label><input name='hideLastThreeDigitZIP' type='checkbox'>Hide Last Three Digits of ZIP</label><br>
<label><input name='hideLastTwoDigitZIP' type='checkbox'>Hide Last Two Digits of ZIP</label><br>
<label><input name='hideLastFiveDigitZIP' type='checkbox'>Hide Last Five Digits of ZIP</label><br>
    <input type="submit" value="Check answer">
</form>



Attempted URL: http://10.0.0.5/ctf_deploy2/kchal/Clyhbjgi/JGWPPWTCHR.php?
Response: 200
Content: 
Consider the following table:

<div class='desc'>
    <script src="kanonymity.js"></script>
    <table id='table'></table>
    <div id="table-output"></div>

    <script>
        let data_csv = "DoB,ZIP code,Gender,Disease\n12/09/1960,12159,F,Cardiomyopathy\n10/09/1960,12158,F,Angina Pectoris \n20/08/1960,12141,F,Stroke\n07/08/1970,12141,F,High Cholesterol \n23/08/1970,12153,M,High Cholesterol \n05/09/1960,12145,M,Flu\n12/09/1970,12148,F,Eczema \n17/08/1960,12154,F,Stroke\n10/08/1960,12140,F,Stroke\n04/09/1970,12152,M,Hepatitis \n30/08/1970,12156,M,Angina Pectoris \n20/09/1970,12143,F,Cardiomyopathy \n05/09/1970,12155,M,Pneumonia \n02/08/1960,12153,F,Stroke\n02/09/1960,12147,F,Hepatitis\n05/08/1970,12142,F,Erythema"
        let data2 = JSON.parse(JSON.stringify(process_csv(data_csv, 4, 17)));
        createRow("table", data2, 4);
        addClass('table', 'table-output', data2);
    </script>

    <p> Select a combination of modifiers so that the resulting table has
    a k-anonymity equal to: 2    </p>

    <form action="JTDIFDVIUX.php" method="get">

<label><input name='hideLastThreeDigitZIP' type='checkbox'>Hide Last Three Digits of ZIP</label><br>
<label><input name='hideYearDoB' type='checkbox'>Hide Year of DoB</label><br>
<label><input name='hideMonthDoB' type='checkbox'>Hide Month of DoB</label><br>
<label><input name='hideLastTwoDigitZIP' type='checkbox'>Hide Last Two Digits of ZIP</label><br>
<label><input name='hideGender' type='checkbox'>Hide Gender</label><br>
<label><input name='hideLastFourDigitZIP' type='checkbox'>Hide Last Four Digits of ZIP</label><br>
<label><input name='hideDayDoB' type='checkbox'>Hide Day of DoB</label><br>
<label><input name='hideLastFiveDigitZIP' type='checkbox'>Hide Last Five Digits of ZIP</label><br>
<label><input name='hideLastDigitZIP' type='checkbox'>Hide Last Digit of ZIP</label><br>
    <input type="submit" value="Check answer">
</form>



Attempted URL: http://10.0.0.5/ctf_deploy2/kchal/Clyhbjgi/JGWPPWTCHR.php?
Response: 200
Content: 
Consider the following table:

<div class='desc'>
    <script src="kanonymity.js"></script>
    <table id='table'></table>
    <div id="table-output"></div>

    <script>
        let data_csv = "DoB,ZIP code,Gender,Disease\n05/08/1970,12142,F,Erythema \n10/08/1960,12140,F,Stroke\n10/09/1960,12158,F,Angina Pectoris \n12/09/1960,12159,F,Cardiomyopathy\n20/08/1960,12141,F,Stroke\n17/08/1960,12154,F,Stroke\n05/09/1970,12155,M,Pneumonia \n02/08/1960,12153,F,Stroke\n30/08/1970,12156,M,Angina Pectoris \n23/08/1970,12153,M,High Cholesterol \n20/09/1970,12143,F,Cardiomyopathy \n12/09/1970,12148,F,Eczema \n05/09/1960,12145,M,Flu\n02/09/1960,12147,F,Hepatitis\n04/09/1970,12152,M,Hepatitis \n07/08/1970,12141,F,High Cholesterol"
        let data2 = JSON.parse(JSON.stringify(process_csv(data_csv, 4, 17)));
        createRow("table", data2, 4);
        addClass('table', 'table-output', data2);
    </script>

    <p> Select a combination of modifiers so that the resulting table has
    a k-anonymity equal to: 5    </p>

    <form action="JTDIFDVIUX.php" method="get">

<label><input name='hideMonthDoB' type='checkbox'>Hide Month of DoB</label><br>
<label><input name='hideLastFiveDigitZIP' type='checkbox'>Hide Last Five Digits of ZIP</label><br>
<label><input name='hideGender' type='checkbox'>Hide Gender</label><br>
<label><input name='hideLastFourDigitZIP' type='checkbox'>Hide Last Four Digits of ZIP</label><br>
<label><input name='hideDayDoB' type='checkbox'>Hide Day of DoB</label><br>
<label><input name='hideYearDoB' type='checkbox'>Hide Year of DoB</label><br>
<label><input name='hideLastThreeDigitZIP' type='checkbox'>Hide Last Three Digits of ZIP</label><br>
<label><input name='hideLastDigitZIP' type='checkbox'>Hide Last Digit of ZIP</label><br>
<label><input name='hideLastTwoDigitZIP' type='checkbox'>Hide Last Two Digits of ZIP</label><br>
    <input type="submit" value="Check answer">
</form>



Attempted URL: http://10.0.0.5/ctf_deploy2/kchal/Clyhbjgi/JGWPPWTCHR.php?
Response: 200
Content: 
Consider the following table:

<div class='desc'>
    <script src="kanonymity.js"></script>
    <table id='table'></table>
    <div id="table-output"></div>

    <script>
        let data_csv = "DoB,ZIP code,Gender,Disease\n01/08/1960,94154,F,Stroke\n20/08/1960,94141,M,Stroke\n02/09/1960,94147,M,Hepatitis\n30/08/1970,94156,M,Angina Pectoris \n05/08/1970,94142,F,Erythema \n10/09/1960,94158,F,Angina Pectoris \n30/09/1960,94159,F,Cardiomyopathy\n25/08/1970,94153,M,High Cholesterol \n20/09/1970,94143,F,Cardiomyopathy \n02/08/1960,94153,F,Stroke\n05/09/1960,94145,M,Flu\n02/09/1970,94152,M,Hepatitis \n05/09/1970,94155,M,Pneumonia \n07/08/1970,94141,F,High Cholesterol \n12/09/1970,94148,F,Eczema \n10/08/1960,94140,M,Stroke"
        let data2 = JSON.parse(JSON.stringify(process_csv(data_csv, 4, 17)));
        createRow("table", data2, 4);
        addClass('table', 'table-output', data2);
    </script>

    <p> Select a combination of modifiers so that the resulting table has
    a k-anonymity equal to: 2    </p>

    <form action="JTDIFDVIUX.php" method="get">

<label><input name='hideLastTwoDigitZIP' type='checkbox'>Hide Last Two Digits of ZIP</label><br>
<label><input name='hideLastFiveDigitZIP' type='checkbox'>Hide Last Five Digits of ZIP</label><br>
<label><input name='hideGender' type='checkbox'>Hide Gender</label><br>
<label><input name='hideLastDigitZIP' type='checkbox'>Hide Last Digit of ZIP</label><br>
<label><input name='hideLastFourDigitZIP' type='checkbox'>Hide Last Four Digits of ZIP</label><br>
<label><input name='hideDayDoB' type='checkbox'>Hide Day of DoB</label><br>
<label><input name='hideLastThreeDigitZIP' type='checkbox'>Hide Last Three Digits of ZIP</label><br>
<label><input name='hideMonthDoB' type='checkbox'>Hide Month of DoB</label><br>
<label><input name='hideYearDoB' type='checkbox'>Hide Year of DoB</label><br>
    <input type="submit" value="Check answer">
</form>



Attempted URL: http://10.0.0.5/ctf_deploy2/kchal/Clyhbjgi/JGWPPWTCHR.php?
Response: 200
Content: 
Consider the following table:

<div class='desc'>
    <script src="kanonymity.js"></script>
    <table id='table'></table>
    <div id="table-output"></div>

    <script>
        let data_csv = "DoB,ZIP code,Gender,Disease\n07/09/1970,94155,M,Pneumonia \n02/09/1960,94147,M,Hepatitis\n20/08/1960,94141,M,Stroke\n10/08/1960,94140,M,Stroke\n12/09/1940,94148,F,Eczema \n02/08/1960,94153,F,Stroke\n30/09/1960,94159,F,Cardiomyopathy\n07/08/1970,94141,F,High Cholesterol \n20/09/1940,94143,F,Cardiomyopathy \n03/09/1940,94152,M,Hepatitis \n30/08/1970,94156,M,Angina Pectoris \n05/09/1960,94145,M,Flu\n01/08/1960,94154,F,Stroke\n05/08/1970,94142,F,Erythema \n25/08/1970,94153,M,High Cholesterol \n10/09/1960,94158,F,Angina Pectoris"
        let data2 = JSON.parse(JSON.stringify(process_csv(data_csv, 4, 17)));
        createRow("table", data2, 4);
        addClass('table', 'table-output', data2);
    </script>

    <p> Select a combination of modifiers so that the resulting table has
    a k-anonymity equal to: 4    </p>

    <form action="JTDIFDVIUX.php" method="get">

<label><input name='hideYearDoB' type='checkbox'>Hide Year of DoB</label><br>
<label><input name='hideMonthDoB' type='checkbox'>Hide Month of DoB</label><br>
<label><input name='hideLastThreeDigitZIP' type='checkbox'>Hide Last Three Digits of ZIP</label><br>
<label><input name='hideLastFourDigitZIP' type='checkbox'>Hide Last Four Digits of ZIP</label><br>
<label><input name='hideLastDigitZIP' type='checkbox'>Hide Last Digit of ZIP</label><br>
<label><input name='hideDayDoB' type='checkbox'>Hide Day of DoB</label><br>
<label><input name='hideGender' type='checkbox'>Hide Gender</label><br>
<label><input name='hideLastFiveDigitZIP' type='checkbox'>Hide Last Five Digits of ZIP</label><br>
<label><input name='hideLastTwoDigitZIP' type='checkbox'>Hide Last Two Digits of ZIP</label><br>
    <input type="submit" value="Check answer">
</form>



Attempted URL: http://10.0.0.5/ctf_deploy2/kchal/Clyhbjgi/JGWPPWTCHR.php?
Response: 200
Content: 
Consider the following table:

<div class='desc'>
    <script src="kanonymity.js"></script>
    <table id='table'></table>
    <div id="table-output"></div>

    <script>
        let data_csv = "DoB,ZIP code,Gender,Disease\n05/08/1970,94142,F,Erythema \n30/08/1970,94156,M,Angina Pectoris \n25/08/1970,94153,M,High Cholesterol \n12/09/1940,94148,F,Eczema \n02/09/1950,94147,M,Hepatitis\n20/06/1950,94141,M,Stroke\n02/08/1950,94153,F,Stroke\n07/04/1970,94141,F,High Cholesterol \n05/09/1950,94145,M,Flu\n02/08/1950,94154,F,Stroke\n30/02/1950,94159,F,Cardiomyopathy\n05/09/1970,94155,M,Pneumonia \n10/03/1950,94140,M,Stroke\n20/09/1940,94143,F,Cardiomyopathy \n10/09/1950,94158,F,Angina Pectoris \n03/09/1940,94152,M,Hepatitis"
        let data2 = JSON.parse(JSON.stringify(process_csv(data_csv, 4, 17)));
        createRow("table", data2, 4);
        addClass('table', 'table-output', data2);
    </script>

    <p> Select a combination of modifiers so that the resulting table has
    a k-anonymity equal to: 4    </p>

    <form action="JTDIFDVIUX.php" method="get">

<label><input name='hideLastTwoDigitZIP' type='checkbox'>Hide Last Two Digits of ZIP</label><br>
<label><input name='hideDayDoB' type='checkbox'>Hide Day of DoB</label><br>
<label><input name='hideYearDoB' type='checkbox'>Hide Year of DoB</label><br>
<label><input name='hideMonthDoB' type='checkbox'>Hide Month of DoB</label><br>
<label><input name='hideLastFourDigitZIP' type='checkbox'>Hide Last Four Digits of ZIP</label><br>
<label><input name='hideLastThreeDigitZIP' type='checkbox'>Hide Last Three Digits of ZIP</label><br>
<label><input name='hideLastFiveDigitZIP' type='checkbox'>Hide Last Five Digits of ZIP</label><br>
<label><input name='hideLastDigitZIP' type='checkbox'>Hide Last Digit of ZIP</label><br>
<label><input name='hideGender' type='checkbox'>Hide Gender</label><br>
    <input type="submit" value="Check answer">
</form>



Attempted URL: http://10.0.0.5/ctf_deploy2/kchal/Clyhbjgi/JGWPPWTCHR.php?
Response: 200
Content: 
Consider the following table:

<div class='desc'>
    <script src="kanonymity.js"></script>
    <table id='table'></table>
    <div id="table-output"></div>

    <script>
        let data_csv = "DoB,ZIP code,Gender,Disease\n05/08/1970,12142,F,Erythema \n05/09/1970,12155,M,Pneumonia \n12/09/1970,12148,F,Eczema \n02/08/1960,12153,F,Stroke\n30/08/1970,12156,M,Angina Pectoris \n20/09/1970,12143,F,Cardiomyopathy \n12/09/1960,12159,F,Cardiomyopathy\n10/09/1960,12158,F,Angina Pectoris \n20/08/1960,12141,F,Stroke\n17/08/1960,12154,F,Stroke\n04/09/1970,12152,M,Hepatitis \n02/09/1960,12147,F,Hepatitis\n10/08/1960,12140,F,Stroke\n07/08/1970,12141,F,High Cholesterol \n05/09/1960,12145,M,Flu\n23/08/1970,12153,M,High Cholesterol"
        let data2 = JSON.parse(JSON.stringify(process_csv(data_csv, 4, 17)));
        createRow("table", data2, 4);
        addClass('table', 'table-output', data2);
    </script>

    <p> Select a combination of modifiers so that the resulting table has
    a k-anonymity equal to: 5    </p>

    <form action="JTDIFDVIUX.php" method="get">

<label><input name='hideLastFourDigitZIP' type='checkbox'>Hide Last Four Digits of ZIP</label><br>
<label><input name='hideLastDigitZIP' type='checkbox'>Hide Last Digit of ZIP</label><br>
<label><input name='hideLastFiveDigitZIP' type='checkbox'>Hide Last Five Digits of ZIP</label><br>
<label><input name='hideMonthDoB' type='checkbox'>Hide Month of DoB</label><br>
<label><input name='hideYearDoB' type='checkbox'>Hide Year of DoB</label><br>
<label><input name='hideLastThreeDigitZIP' type='checkbox'>Hide Last Three Digits of ZIP</label><br>
<label><input name='hideLastTwoDigitZIP' type='checkbox'>Hide Last Two Digits of ZIP</label><br>
<label><input name='hideGender' type='checkbox'>Hide Gender</label><br>
<label><input name='hideDayDoB' type='checkbox'>Hide Day of DoB</label><br>
    <input type="submit" value="Check answer">
</form>



Attempted URL: http://10.0.0.5/ctf_deploy2/kchal/Clyhbjgi/JGWPPWTCHR.php?
Response: 200
Content: 
Consider the following table:

<div class='desc'>
    <script src="kanonymity.js"></script>
    <table id='table'></table>
    <div id="table-output"></div>

    <script>
        let data_csv = "DoB,ZIP code,Gender,Disease\n10/08/1960,94140,M,Stroke\n03/09/1940,94152,M,Hepatitis \n20/09/1940,94143,F,Cardiomyopathy \n25/08/1970,94153,M,High Cholesterol \n12/09/1940,94148,F,Eczema \n07/09/1970,94155,M,Pneumonia \n02/08/1960,94153,F,Stroke\n01/08/1960,94154,F,Stroke\n10/09/1960,94158,F,Angina Pectoris \n07/08/1970,94141,F,High Cholesterol \n20/08/1960,94141,M,Stroke\n30/09/1960,94159,F,Cardiomyopathy\n05/09/1960,94145,M,Flu\n02/09/1960,94147,M,Hepatitis\n30/08/1970,94156,M,Angina Pectoris \n05/08/1970,94142,F,Erythema"
        let data2 = JSON.parse(JSON.stringify(process_csv(data_csv, 4, 17)));
        createRow("table", data2, 4);
        addClass('table', 'table-output', data2);
    </script>

    <p> Select a combination of modifiers so that the resulting table has
    a k-anonymity equal to: 3    </p>

    <form action="JTDIFDVIUX.php" method="get">

<label><input name='hideLastTwoDigitZIP' type='checkbox'>Hide Last Two Digits of ZIP</label><br>
<label><input name='hideYearDoB' type='checkbox'>Hide Year of DoB</label><br>
